20171003060000
20171003030000
20171003000000
20171002210000
20171002180000
20171002150000
20171002120000
20171002090000
20171002060000
20171002030000
20171002000000
20171001210000
20171001180000
20171001150000
20171001120000
20171001090000
20171001060000
20171001030000
20171001000000
20170930210000
20170930180000
20170930150000
20170930120000
20170930090000
20170930060000
20170930030000
20170930000000
20170929210000
20170929180000
20170929150000
20170929120000
20170929090000
20170929060000
20170929030000
20170929000000
20170928210000
20170928180000
20170928150000
20170928120000
20170928090000
20170928060000
20170928030000
20170928000000
20170927210000
20170927180000
20170927150000
20170927120000
20170927090000
20170927060000
20170927030000
20170927000000
20170926210000
20170926180000
20170926150000
20170926120000
20170926090000
20170926060000
20170926030000
20170926000000
20170925210000
20170925180000
20170925150000
20170925120000
20170925090000
20170925060000
20170925030000
20170925000000
