 # information on release points
 # numpoint
           3
 # for numpoint:
     -259200     -172800      1
   17.9499969       59.4099998       17.9499969       59.4099998       0.00000000       10.0000000    
      100000           1
 RELEASE_SEP63_1                              
   1.00000000    
   1.00000000    
   1.00000000    
     -172800      -86400      1
   17.9499969       59.4099998       17.9499969       59.4099998       0.00000000       10.0000000    
      100000           1
 RELEASE_SEP63_2                              
   1.00000000    
   1.00000000    
   1.00000000    
      -86400           0      1
   17.9499969       59.4099998       17.9499969       59.4099998       0.00000000       10.0000000    
      100000           1
 RELEASE_SEP63_3                              
   1.00000000    
   1.00000000    
   1.00000000    
